1e-10 0.020160057548781585
1e-09 0.020160057548781585
1e-08 0.020160057548781585
1e-07 0.0667875841928576
1e-06 0.11885894540673643
1e-05 0.12911085483790463
0.0001 0.13178636486914921
0.001 0.1326551232359078
0.01 0.13050125524070455
0.1 0.1014484139815589
1.0 0.05345743249115782


0.0005 0.12934685095475784
0.001 0.1324023194571106
0.0015 0.13255517738713438
0.002 0.13268532283952772
0.0025 0.13215256379970372
0.003 0.13209139382748364


1.0 0.05345743249115782
10.0 0.08072926659270183
100.0 0.06778102867925359
